1    1
2    1
3    1
4    1
5    0.9999998807907104
6    0.9999998807907104
7    0.9999998807907104
8    0.9999999403953552
9    0.9999999403953552
10    1
11    1
12    1.00000011920929
13    1
14    1
15    1.00000011920929
16    1.00000011920929
17    1
18    1
19    1
20    1
21    1
22    1
23    1
24    1
25    1
26    1.00000011920929
27    1
28    0.9999999403953552
29    1
30    1
31    1
32    1
33    1
34    0.9999998807907104
35    0.9999998807907104
36    1
37    0.9999998807907104
38    1
39    0.9999998807907104
40    1
41    1
42    1
43    1
44    1
45    1
46    1
47    1.00000011920929
48    1
49    1
50    1
51    1
52    1
53    1
54    1
55    1
56    1
57    1.00000011920929
58    1
59    1
60    0.9999998807907104
61    0.9999998807907104
62    0.9999998807907104
63    0.9999998807907104
64    0.9999998807907104
65    0.9999998807907104
66    0.9999998807907104
67    0.9999998211860657
68    0.9999998807907104
69    0.9999998211860657
70    0.9999998807907104
71    0.9999998807907104
72    0.9999998807907104
73    0.9999998807907104
74    0.9999998807907104
75    0.9999998807907104
76    0.9999998807907104
77    0.9999998807907104
78    0.9999998211860657
79    0.9999998211860657
80    0.9999998211860657
81    0.9999998807907104
82    0.9999998211860657
83    0.9999998807907104
84    0.9999998807907104
85    0.9999998807907104
86    0.9999998807907104
87    0.9999998807907104
88    1
89    0.9999998807907104
90    0.9999998211860657
91    0.9999998211860657
92    0.9999998211860657
93    0.9999998211860657
94    0.9999998211860657
95    0.9999998211860657
96    0.9999998807907104
97    0.9999998807907104
98    0.9999998807907104
99    0.9999998807907104
100    0.9999998211860657
101    0.9999998211860657
102    0.9999998211860657
103    0.9999998807907104
104    0.9999998211860657
105    0.9999998211860657
106    0.9999998807907104
107    0.9999998211860657
108    0.9999998211860657
109    0.9999998211860657
110    0.9999998211860657
111    0.9999998807907104
112    0.9999998211860657
113    0.9999997019767761
114    0.9999997019767761
115    0.9999998211860657
116    0.9999998211860657
117    0.9999998211860657
118    0.9999998211860657
119    0.9999999403953552
120    0.9999999403953552
121    0.9999999403953552
122    0.9999999403953552
123    0.9999999403953552
124    0.9999998211860657
125    0.9999999403953552
126    0.9999999403953552
127    0.9999998211860657
128    0.9999998211860657
129    0.9999999403953552
130    0.9999999403953552
131    0.9999998211860657
132    0.9999998211860657
133    0.9999998211860657
134    0.9999998211860657
135    0.9999999403953552
136    0.9999999403953552
137    0.9999999403953552
138    0.9999999403953552
139    0.9999999403953552
140    0.9999999403953552
141    0.9999999403953552
142    0.9999999403953552
143    0.9999999403953552
144    0.9999999403953552
145    0.9999999403953552
146    0.9999999403953552
147    1
148    1
149    1
150    1
151    1
152    1
153    1
154    1
155    1
156    1
157    1
158    1
159    1
160    1
161    1
162    1
163    1
164    1
165    1
166    1
167    1
168    1
169    1
170    1
171    1
172    1
173    1.00000011920929
174    1
175    1
176    1
177    1
178    1
179    1
180    1
181    1
182    1
183    1
184    0.9999999403953552
185    0.9999999403953552
186    0.9999999403953552
187    0.9999999403953552
188    0.9999999403953552
189    0.9999999403953552
190    0.9999999403953552
191    0.9999998211860657
192    0.9999998211860657
193    0.9999998211860657
194    0.9999998211860657
195    0.9999998211860657
196    0.9999997615814209
197    0.9999998211860657
198    0.9999998211860657
199    0.9999998211860657
200    0.9999998211860657
201    0.9999998211860657
202    0.9999998211860657
203    0.9999997615814209
204    0.9999998211860657
205    0.9999997615814209
206    0.9999998211860657
207    0.9999998211860657
208    0.9999999403953552
209    0.9999999403953552
210    1
211    0.9999999403953552
212    1
213    0.9999999403953552
214    0.9999999403953552
215    0.9999999403953552
216    1
217    1
218    1
219    1
220    0.9999999403953552
221    1
222    0.9999999403953552
223    1
224    1
225    1
226    1.00000011920929
227    1
228    1
229    1
230    1
231    0.9999999403953552
232    1
233    0.9999999403953552
234    0.9999999403953552
235    0.9999999403953552
236    0.9999999403953552
237    1
238    0.9999999403953552
239    0.9999999403953552
240    0.9999999403953552
241    0.9999999403953552
242    0.9999999403953552
243    0.9999999403953552
244    0.9999998211860657
245    0.9999998211860657
246    0.9999998211860657
247    0.9999999403953552
248    0.9999999403953552
249    0.9999999403953552
250    0.9999999403953552
251    0.9999999403953552
252    0.9999999403953552
253    0.9999999403953552
254    0.9999999403953552
255    0.9999999403953552
256    0.9999999403953552
257    0.9999999403953552
258    1
259    1
260    1
261    1
262    1
263    1
264    0.9999999403953552
265    0.9999999403953552
266    0.9999999403953552
267    0.9999999403953552
268    0.9999999403953552
269    0.9999999403953552
270    0.9999999403953552
271    0.9999999403953552
272    0.9999999403953552
273    0.9999999403953552
274    0.9999999403953552
275    0.9999999403953552
276    0.9999999403953552
277    0.9999999403953552
278    0.9999999403953552
279    0.9999998211860657
280    0.9999998211860657
281    0.9999998211860657
282    0.9999998211860657
283    0.9999998211860657
284    0.9999999403953552
285    0.9999999403953552
286    0.9999999403953552
287    0.9999999403953552
288    0.9999999403953552
289    0.9999998211860657
290    0.9999998211860657
291    0.9999998211860657
292    0.9999998211860657
293    0.9999997615814209
294    0.9999997615814209
295    0.9999997615814209
296    0.9999997615814209
297    0.9999997615814209
298    0.9999998211860657
299    0.9999998211860657
300    0.9999998211860657
301    0.9999997615814209
302    0.9999998211860657
303    0.9999998211860657
304    0.9999997615814209
305    0.9999997615814209
306    0.9999998211860657
307    0.9999998211860657
308    0.9999998211860657
309    0.9999997615814209
310    0.9999997615814209
311    0.9999997615814209
312    0.9999997615814209
313    0.9999997615814209
314    0.9999997615814209
315    0.9999997019767761
316    0.9999997019767761
317    0.9999997019767761
318    0.9999997019767761
319    0.9999997019767761
320    0.9999996423721313
321    0.9999997019767761
322    0.9999997019767761
323    0.9999997019767761
324    0.9999996423721313
325    0.9999996423721313
326    0.9999996423721313
327    0.9999997019767761
328    0.9999996423721313
329    0.9999996423721313
330    0.9999996423721313
331    0.9999996423721313
332    0.9999996423721313
333    0.9999996423721313
334    0.9999996423721313
335    0.9999996423721313
336    0.9999995231628418
337    0.9999995231628418
338    0.9999995827674866
339    0.9999995827674866
340    0.9999995827674866
341    0.9999995827674866
342    0.9999995827674866
343    0.9999995827674866
344    0.9999996423721313
345    0.9999996423721313
346    0.9999996423721313
347    0.9999996423721313
348    0.9999996423721313
349    0.9999996423721313
350    0.9999996423721313
351    0.9999995827674866
352    0.9999995827674866
353    0.9999995827674866
354    0.9999995827674866
355    0.9999996423721313
356    0.9999996423721313
357    0.9999996423721313
358    0.9999996423721313
359    0.9999996423721313
360    0.9999996423721313
361    0.9999996423721313
362    0.9999997019767761
363    0.9999997019767761
364    0.9999997019767761
365    0.9999997019767761
366    0.9999997019767761
367    0.9999997019767761
368    0.9999997019767761
369    0.9999997019767761
370    0.9999997019767761
371    0.9999997019767761
372    0.9999996423721313
373    0.9999996423721313
374    0.9999997019767761
375    0.9999997019767761
376    0.9999997019767761
377    0.9999996423721313
378    0.9999996423721313
379    0.9999997019767761
380    0.9999997019767761
381    0.9999997019767761
382    0.9999997019767761
383    0.9999997019767761
384    0.9999997019767761
385    0.9999997019767761
386    0.9999997019767761
387    0.9999997615814209
388    0.9999997019767761
389    0.9999997615814209
390    0.9999997615814209
391    0.9999997615814209
392    0.9999997615814209
393    0.9999997615814209
394    0.9999997019767761
395    0.9999997615814209
396    0.9999997615814209
397    0.9999997615814209
398    0.9999997615814209
399    0.9999997615814209
400    0.9999997615814209
401    0.9999997615814209
402    0.9999997615814209
403    0.9999997019767761
404    0.9999997019767761
405    0.9999997019767761
406    0.9999997615814209
407    0.9999997019767761
408    0.9999997615814209
409    0.9999997019767761
410    0.9999997019767761
411    0.9999996423721313
412    0.9999996423721313
413    0.9999996423721313
414    0.9999996423721313
415    0.9999996423721313
416    0.9999996423721313
417    0.9999996423721313
418    0.9999996423721313
419    0.9999997019767761
420    0.9999996423721313
421    0.9999997019767761
422    0.9999997019767761
423    0.9999997019767761
424    0.9999997019767761
425    0.9999997019767761
426    0.9999997019767761
427    0.9999997019767761
428    0.9999997019767761
429    0.9999997019767761
430    0.9999997615814209
431    0.9999997615814209
432    0.9999997019767761
433    0.9999997615814209
434    0.9999997615814209
435    0.9999997019767761
436    0.9999997615814209
437    0.9999997615814209
438    0.9999997615814209
439    0.9999997615814209
440    0.9999998807907104
441    0.9999998807907104
442    0.9999998807907104
443    0.9999998807907104
444    0.9999998807907104
445    0.9999998807907104
446    0.9999998807907104
447    0.9999998807907104
448    0.9999997615814209
449    0.9999998807907104
450    0.9999998807907104
451    0.9999998807907104
452    0.9999998807907104
453    0.9999998807907104
454    0.9999998807907104
455    0.9999999403953552
456    0.9999998807907104
457    0.9999999403953552
458    0.9999998807907104
459    0.9999999403953552
460    0.9999998807907104
461    0.9999999403953552
462    0.9999998807907104
463    0.9999999403953552
464    0.9999999403953552
465    0.9999999403953552
466    0.9999999403953552
467    0.9999998807907104
468    0.9999999403953552
469    0.9999998807907104
470    0.9999998807907104
471    0.9999998807907104
472    0.9999998807907104
473    0.9999998807907104
474    0.9999998807907104
475    0.9999998807907104
476    0.9999998807907104
477    0.9999997615814209
478    0.9999998807907104
479    0.9999998807907104
480    0.9999998807907104
481    0.9999998807907104
482    0.9999998807907104
483    0.9999998807907104
484    0.9999998807907104
485    0.9999998807907104
486    0.9999998807907104
487    0.9999998807907104
488    0.9999999403953552
489    0.9999998807907104
490    0.9999998807907104
491    0.9999998807907104
492    0.9999998807907104
493    0.9999998807907104
494    0.9999998807907104
495    0.9999997615814209
496    0.9999997615814209
497    0.9999997615814209
498    0.9999997615814209
499    0.9999997615814209
500    0.9999997615814209
